"","1","2","3"
"1",0.844100659446102,0.100408860741147,0.055490479812751
"2",0.856032083986744,0.0933912961451698,0.0505766198680863
"3",0.869875615823628,0.08510823835821,0.0450161458181624
"4",0.882657861074049,0.0773402541061782,0.0400018848197732
"5",0.895985893230426,0.0691141645890519,0.0348999421805221
"6",0.90942319137946,0.0606907770477719,0.0298860315727678
"7",0.922313790349018,0.052486228562882,0.0251999810881002
"8",0.934350454985663,0.0447120265348047,0.0209375184795323
"9",0.946455161893016,0.036779986099805,0.0167648520071787
"10",0.962111883922211,0.0263438528011775,0.0115442632766118
"11",0.971615636743981,0.0199094422331758,0.00847492102284338
"12",0.980517348782096,0.0137951700138884,0.00568748120401522
"13",0.987554243823067,0.0088940554561332,0.00355170072080012
"14",0.990889165031902,0.00655379658453267,0.00255703838356538
"15",0.992460905924108,0.00545651068981259,0.00208258338607899
"16",0.99350645143562,0.00474753900763362,0.00174600955674659
"17",0.992602505391757,0.00543944280474965,0.00195805180349312
"18",0.98723087475235,0.00949847144707965,0.00327065380057047
"19",0.981972399146007,0.0134904193425815,0.00453718151141113
"20",0.971904281007331,0.0212150699486281,0.00688064904404129
"21",0.95861642661618,0.0315343434261099,0.00984922995771052
"22",0.940867403713169,0.0454934830569191,0.013639113229912
"23",0.912242470299741,0.0684147790106067,0.0193427506896526
"24",0.894290913923139,0.082885819584434,0.022823266492427
"25",0.86509477089434,0.106797196389089,0.0281080327165718
"26",0.834498203374477,0.132218483235108,0.0332833133904153
"27",0.797032638635193,0.163790473027308,0.0391768883374993
"28",0.759345860892016,0.196058601718341,0.0445955373896434
"29",0.717075369599261,0.232813127563114,0.0501115028376243
"30",0.670527250139135,0.273962217377953,0.0555105324829119
"31",0.62101375920387,0.318530489519307,0.0604557512768227
"32",0.562919044546356,0.371844729843605,0.0652362256100388
"33",0.464463368594983,0.464766834619967,0.0707697967850494
"34",0.406614036592113,0.520879833988657,0.0725061294192304
"35",0.366009320166979,0.561535973266791,0.07245470656623
"36",0.378304400736902,0.480230964503911,0.141464634759187
"37",0.304380840438571,0.624863198686049,0.0707559608753801
"38",0.253643497889836,0.678369947816631,0.0679865542935336
"39",0.213353062805097,0.722268250268079,0.0643786869268237
"40",0.184655122226845,0.75458730330464,0.0607575744685152
"41",0.152708407385466,0.791456682329284,0.0558349102852503
"42",0.137572275567027,0.809513024203849,0.0529147002291243
"43",0.110663059920972,0.842064471151019,0.0472724689280092
"44",0.0884064751706631,0.87012828548803,0.0414652393413074
"45",0.0674092344726062,0.897503423429647,0.0350873420977466
"46",0.0393375054979197,0.936311483045391,0.0243510114566897
"47",0.0345982996561969,0.943098311162059,0.0223033891817437
"48",0.0196564115836785,0.965694211770651,0.0146493766456704
"49",0.0118831347111383,0.978173674842705,0.009943190446157
"50",0.00788468704507196,0.984609757475701,0.00750555547922735
"51",0.00733338484890567,0.985675542888089,0.00699107226300565
"52",0.00653670950945637,0.986811588307707,0.00665170218283713
"53",0.00675371906126658,0.985739600746841,0.00750668019189262
"54",0.00839076864836851,0.981374573146695,0.0102346582049364
"55",0.0111489419159134,0.973909302397029,0.0149417556870572
"56",0.017864866118622,0.953964781536259,0.0281703523451187
"57",0.0231978000356438,0.936498792811219,0.0403034071531368
"58",0.029258965051938,0.914076643017091,0.0566643919309713
"59",0.0382175529652272,0.87160479331812,0.0901776537166524
"60",0.0376980657837927,0.879627178074843,0.0826747561413647
"61",0.0436733225610347,0.850466654792194,0.105860022646772
"62",0.0488261284925804,0.821324715044683,0.129849156462736
"63",0.054185857105816,0.785459341370476,0.160354801523707
"64",0.0605657847188735,0.722624662300402,0.216809552980725
"65",0.0623346447804625,0.711032001589728,0.22663335362981
"66",0.0655084581059649,0.667753162209156,0.266738379684879
"67",0.0676884706506771,0.621822149243215,0.310489380106108
"68",0.0686913601912761,0.565172249513515,0.366136390295209
"69",0.0624866590598348,0.390891821187411,0.546621519752754
"70",0.0639284998914933,0.414664046448364,0.521407453660143
"71",0.062969810252153,0.392375387845958,0.544654801901889
"72",0.0564503503355414,0.156922282256506,0.786627367407953
"73",0.060409253970458,0.344734696272302,0.59485604975724
"74",0.056464297732337,0.302354628508273,0.64118107375939
"75",0.051667277606248,0.259710773461976,0.688621948931776
"76",0.0466169690199162,0.221371224762769,0.732011806217315
"77",0.0417593600431887,0.188730362616206,0.769510277340605
"78",0.0361907247543772,0.155235918885809,0.808573356359814
"79",0.0251758793590713,0.0991931041843254,0.875631016456603
"80",0.0259036770308435,0.101407402686077,0.872688920283079
"81",0.00911318339134105,0.0308493532924918,0.960037463316167
"82",0.00592916723330192,0.0191235267318698,0.974947306034828
"83",0.0115335688020173,0.0392774161795493,0.949189015018434
"84",0.00577116321795053,0.0183945033139535,0.975834333468096
"85",0.00815982524353126,0.0214145394938724,0.970425635262596
"86",0.00466844887446771,0.0126113743199101,0.982720176805622
"87",0.200708110032017,0.239773670014032,0.55951821995395
"88",0.00761817152525324,0.0193077781570926,0.973074050317654
"89",0.00443758281317672,0.0117572791535834,0.98380513803324
"90",0.00464256964913356,0.012361852084971,0.982995578265895
"91",0.00741182464225856,0.018655159727947,0.973933015629795
"92",0.00805888013338107,0.0202489662822424,0.971692153584377
"93",0.0103877529379797,0.0253335582784843,0.964278688783536
"94",0.0130081204478446,0.0308401007579545,0.956151778794201
"95",0.0188895909749872,0.0425518238476797,0.938558585177333
"96",0.0229166570743668,0.0501971065345896,0.926886236391044
"97",0.0299434354518429,0.0628567211047338,0.907199843443423
"98",0.0345641504499842,0.0707759829325812,0.894659866617435
"99",0.0578019258585661,0.107042747311935,0.835155326829499
"100",0.075178317191254,0.130509870403946,0.7943118124048
